# oST version 5.0 parameters


[image]

width
640

height
480

[narrow_stereo]

camera matrix
309.568283 0.000000 323.049520
0.000000 307.530818 233.542930
0.000000 0.000000 1.000000

distortion
-0.291153 0.065396 0.002461 -0.000651 0.000000

rectification
1.000000 0.000000 0.000000
0.000000 1.000000 0.000000
0.000000 0.000000 1.000000

projection
219.252602 0.000000 321.332278 0.000000
0.000000 237.863988 233.189691 0.000000
0.000000 0.000000 1.000000 0.000000
